-1.052696228027343750e+01
-1.048568058013916016e+01
-1.044439792633056641e+01
-1.040311622619628906e+01
-1.036183357238769531e+01
-1.032055187225341797e+01
-1.027926921844482422e+01
-1.023798751831054688e+01
-1.019670486450195312e+01
-1.015542316436767578e+01
-1.011414051055908203e+01
-1.007285881042480469e+01
-1.003157615661621094e+01
-9.990294456481933594e+00
-9.949011802673339844e+00
-9.907730102539062500e+00
-9.866447448730468750e+00
-9.825164794921875000e+00
-9.783883094787597656e+00
-9.742600440979003906e+00
-9.701318740844726562e+00
-9.660036087036132812e+00
-9.618754386901855469e+00
-9.577471733093261719e+00
-9.536190032958984375e+00
-9.494907379150390625e+00
-9.453625679016113281e+00
-9.412343025207519531e+00
-9.371061325073242188e+00
-9.329778671264648438e+00
-9.288496971130371094e+00
-9.247214317321777344e+00
-9.205931663513183594e+00
-9.164649963378906250e+00
-9.123367309570312500e+00
-9.082085609436035156e+00
-9.040802955627441406e+00
-8.999521255493164062e+00
-8.958238601684570312e+00
-8.916956901550292969e+00
-8.875674247741699219e+00
-8.834392547607421875e+00
-8.793109893798828125e+00
-8.751828193664550781e+00
-8.710545539855957031e+00
-8.669263839721679688e+00
-8.627981185913085938e+00
-8.586698532104492188e+00
-8.545416831970214844e+00
-8.504134178161621094e+00
-8.462852478027343750e+00
-8.421569824218750000e+00
-8.380288124084472656e+00
-8.339005470275878906e+00
-8.297723770141601562e+00
-8.256441116333007812e+00
-8.215159416198730469e+00
-8.173876762390136719e+00
-8.132595062255859375e+00
-8.091312408447265625e+00
-8.050030708312988281e+00
-8.008748054504394531e+00
-7.967465877532958984e+00
-7.926183700561523438e+00
-7.884901523590087891e+00
-7.843619346618652344e+00
-7.802337169647216797e+00
-7.761054992675781250e+00
-7.719772815704345703e+00
-7.678490638732910156e+00
-7.637208461761474609e+00
-7.595926284790039062e+00
-7.554643630981445312e+00
-7.513361454010009766e+00
-7.472079277038574219e+00
-7.430797100067138672e+00
-7.389514923095703125e+00
-7.348232746124267578e+00
-7.306950569152832031e+00
-7.265668392181396484e+00
-7.224386215209960938e+00
-7.183104038238525391e+00
-7.141821861267089844e+00
-7.100539684295654297e+00
-7.059257507324218750e+00
-7.017975330352783203e+00
-6.976693153381347656e+00
-6.935410499572753906e+00
-6.894128322601318359e+00
-6.852846145629882812e+00
-6.811563968658447266e+00
-6.770281791687011719e+00
-6.728999614715576172e+00
-6.687717437744140625e+00
-6.646435260772705078e+00
-6.605153083801269531e+00
-6.563870906829833984e+00
-6.522588729858398438e+00
-6.481306552886962891e+00
-6.440024375915527344e+00
-6.398742198944091797e+00
-6.357460021972656250e+00
-6.316177845001220703e+00
-6.274895668029785156e+00
-6.233613014221191406e+00
-6.192330837249755859e+00
-6.151048660278320312e+00
-6.109766483306884766e+00
-6.068484306335449219e+00
-6.027202129364013672e+00
-5.985919952392578125e+00
-5.944637775421142578e+00
-5.903355598449707031e+00
-5.862073421478271484e+00
-5.820791244506835938e+00
-5.779509067535400391e+00
-5.738226890563964844e+00
-5.696944713592529297e+00
-5.655662536621093750e+00
-5.614379882812500000e+00
-5.573097705841064453e+00
-5.531815528869628906e+00
-5.490533351898193359e+00
-5.449251174926757812e+00
-5.407968997955322266e+00
-5.366686820983886719e+00
-5.325404644012451172e+00
-5.284122467041015625e+00
-5.242840290069580078e+00
-5.201558113098144531e+00
-5.160275936126708984e+00
-5.118993759155273438e+00
-5.077711582183837891e+00
-5.036429405212402344e+00
-4.995147228240966797e+00
-4.953865051269531250e+00
-4.912582397460937500e+00
-4.871300220489501953e+00
-4.830018043518066406e+00
-4.788735866546630859e+00
-4.747453689575195312e+00
-4.706171512603759766e+00
-4.664889335632324219e+00
-4.623607158660888672e+00
-4.582324981689453125e+00
-4.541042804718017578e+00
-4.499760627746582031e+00
-4.458478450775146484e+00
-4.417196273803710938e+00
-4.375914096832275391e+00
-4.334631919860839844e+00
-4.293349266052246094e+00
-4.252067089080810547e+00
-4.210784912109375000e+00
-4.169502735137939453e+00
-4.128220558166503906e+00
-4.086938381195068359e+00
-4.045656204223632812e+00
-4.004374027252197266e+00
-3.963091850280761719e+00
-3.921809673309326172e+00
-3.880527496337890625e+00
-3.839245319366455078e+00
-3.797963142395019531e+00
-3.756680727005004883e+00
-3.715398550033569336e+00
-3.674116373062133789e+00
-3.632834196090698242e+00
-3.591552019119262695e+00
-3.550269842147827148e+00
-3.508987665176391602e+00
-3.467705249786376953e+00
-3.426423072814941406e+00
-3.385140895843505859e+00
-3.343858718872070312e+00
-3.302576541900634766e+00
-3.261294364929199219e+00
-3.220012187957763672e+00
-3.178730010986328125e+00
-3.137447834014892578e+00
-3.096165418624877930e+00
-3.054883241653442383e+00
-3.013601064682006836e+00
-2.972318887710571289e+00
-2.931036710739135742e+00
-2.889754533767700195e+00
-2.848472356796264648e+00
-2.807189941406250000e+00
-2.765907764434814453e+00
-2.724625587463378906e+00
-2.683343410491943359e+00
-2.642061233520507812e+00
-2.600779056549072266e+00
-2.559496879577636719e+00
-2.518214702606201172e+00
-2.476932525634765625e+00
-2.435650110244750977e+00
-2.394367933273315430e+00
-2.353085756301879883e+00
-2.311803579330444336e+00
-2.270521402359008789e+00
-2.229239225387573242e+00
-2.187957048416137695e+00
-2.146674633026123047e+00
-2.105392456054687500e+00
-2.064110279083251953e+00
-2.022828102111816406e+00
-1.981545925140380859e+00
-1.940263748168945312e+00
-1.898981571197509766e+00
-1.857699275016784668e+00
-1.816417098045349121e+00
-1.775134921073913574e+00
-1.733852624893188477e+00
-1.692570447921752930e+00
-1.651288270950317383e+00
-1.610006093978881836e+00
-1.568723917007446289e+00
-1.527441620826721191e+00
-1.486159443855285645e+00
-1.444877266883850098e+00
-1.403594970703125000e+00
-1.362312793731689453e+00
-1.321030616760253906e+00
-1.279748439788818359e+00
-1.238466262817382812e+00
-1.197183966636657715e+00
-1.155901789665222168e+00
-1.114619612693786621e+00
-1.073337316513061523e+00
-1.032055139541625977e+00
-9.907729625701904297e-01
-9.494907855987548828e-01
-9.082085490226745605e-01
-8.669263124465942383e-01
-8.256441354751586914e-01
-7.843619585037231445e-01
-7.430797219276428223e-01
-7.017974853515625000e-01
-6.605153083801269531e-01
-6.192331314086914062e-01
-5.779508948326110840e-01
-5.366686582565307617e-01
-4.953864812850952148e-01
-4.541042745113372803e-01
-4.128220677375793457e-01
-3.715398609638214111e-01
-3.302576541900634766e-01
-2.889754474163055420e-01
-2.476932406425476074e-01
-2.064110338687896729e-01
-1.651288270950317383e-01
-1.238466203212738037e-01
-8.256441354751586914e-02
-4.128220677375793457e-02
-0.000000000000000000e+00
4.128265380859375000e-02
8.256530761718750000e-02
1.238460540771484375e-01
1.651287078857421875e-01
2.064113616943359375e-01
2.476940155029296875e-01
2.889747619628906250e-01
3.302574157714843750e-01
3.715400695800781250e-01
4.128227233886718750e-01
4.541034698486328125e-01
4.953861236572265625e-01
5.366687774658203125e-01
5.779514312744140625e-01
6.192321777343750000e-01
6.605148315429687500e-01
7.017974853515625000e-01
7.430801391601562500e-01
7.843627929687500000e-01
8.256435394287109375e-01
8.669261932373046875e-01
9.082088470458984375e-01
9.494915008544921875e-01
9.907722473144531250e-01
1.032054901123046875e+00
1.073337554931640625e+00
1.114620208740234375e+00
1.155900955200195312e+00
1.197183609008789062e+00
1.238466262817382812e+00
1.279748916625976562e+00
1.321029663085937500e+00
1.362312316894531250e+00
1.403594970703125000e+00
1.444877624511718750e+00
1.486160278320312500e+00
1.527441024780273438e+00
1.568723678588867188e+00
1.610006332397460938e+00
1.651288986206054688e+00
1.692569732666015625e+00
1.733852386474609375e+00
1.775135040283203125e+00
1.816417694091796875e+00
1.857698440551757812e+00
1.898981094360351562e+00
1.940263748168945312e+00
1.981546401977539062e+00
2.022829055786132812e+00
2.064109802246093750e+00
2.105392456054687500e+00
2.146675109863281250e+00
2.187957763671875000e+00
2.229238510131835938e+00
2.270521163940429688e+00
2.311803817749023438e+00
2.353086471557617188e+00
2.394367218017578125e+00
2.435649871826171875e+00
2.476932525634765625e+00
2.518215179443359375e+00
2.559495925903320312e+00
2.600778579711914062e+00
2.642061233520507812e+00
2.683343887329101562e+00
2.724626541137695312e+00
2.765907287597656250e+00
2.807189941406250000e+00
2.848472595214843750e+00
2.889755249023437500e+00
2.931035995483398438e+00
2.972318649291992188e+00
3.013601303100585938e+00
3.054883956909179688e+00
3.096164703369140625e+00
3.137447357177734375e+00
3.178730010986328125e+00
3.220012664794921875e+00
3.261293411254882812e+00
3.302576065063476562e+00
3.343858718872070312e+00
3.385141372680664062e+00
3.426424026489257812e+00
3.467704772949218750e+00
3.508987426757812500e+00
3.550270080566406250e+00
3.591552734375000000e+00
3.632833480834960938e+00
3.674116134643554688e+00
3.715398788452148438e+00
3.756681442260742188e+00
3.797962188720703125e+00
3.839244842529296875e+00
3.880527496337890625e+00
3.921810150146484375e+00
3.963092803955078125e+00
4.004373550415039062e+00
4.045656204223632812e+00
4.086938858032226562e+00
4.128221511840820312e+00
4.169502258300781250e+00
4.210784912109375000e+00
4.252067565917968750e+00
4.293350219726562500e+00
4.334630966186523438e+00
4.375913619995117188e+00
4.417196273803710938e+00
4.458478927612304688e+00
4.499759674072265625e+00
4.541042327880859375e+00
4.582324981689453125e+00
4.623607635498046875e+00
4.664890289306640625e+00
4.706171035766601562e+00
4.747453689575195312e+00
4.788736343383789062e+00
4.830018997192382812e+00
4.871299743652343750e+00
4.912582397460937500e+00
4.953865051269531250e+00
4.995147705078125000e+00
5.036428451538085938e+00
5.077711105346679688e+00
5.118993759155273438e+00
5.160275459289550781e+00
5.201558113098144531e+00
5.242839813232421875e+00
5.284122467041015625e+00
5.325405120849609375e+00
5.366686820983886719e+00
5.407969474792480469e+00
5.449251174926757812e+00
5.490533828735351562e+00
5.531815528869628906e+00
5.573098182678222656e+00
5.614379882812500000e+00
5.655662536621093750e+00
5.696944236755371094e+00
5.738226890563964844e+00
5.779508590698242188e+00
5.820791244506835938e+00
5.862072944641113281e+00
5.903355598449707031e+00
5.944637298583984375e+00
5.985919952392578125e+00
6.027202606201171875e+00
6.068484306335449219e+00
6.109766960144042969e+00
6.151048660278320312e+00
6.192331314086914062e+00
6.233613014221191406e+00
6.274895668029785156e+00
6.316177368164062500e+00
6.357460021972656250e+00
6.398741722106933594e+00
6.440024375915527344e+00
6.481306076049804688e+00
6.522588729858398438e+00
6.563870429992675781e+00
6.605153083801269531e+00
6.646435737609863281e+00
6.687717437744140625e+00
6.729000091552734375e+00
6.770281791687011719e+00
6.811564445495605469e+00
6.852846145629882812e+00
6.894128799438476562e+00
6.935410499572753906e+00
6.976693153381347656e+00
7.017974853515625000e+00
7.059257507324218750e+00
7.100539207458496094e+00
7.141821861267089844e+00
7.183103561401367188e+00
7.224386215209960938e+00
7.265668869018554688e+00
7.306950569152832031e+00
7.348233222961425781e+00
7.389514923095703125e+00
7.430797576904296875e+00
7.472079277038574219e+00
7.513361930847167969e+00
7.554643630981445312e+00
7.595926284790039062e+00
7.637207984924316406e+00
7.678490638732910156e+00
7.719772338867187500e+00
7.761054992675781250e+00
7.802336692810058594e+00
7.843619346618652344e+00
7.884901046752929688e+00
7.926183700561523438e+00
7.967466354370117188e+00
8.008748054504394531e+00
8.050030708312988281e+00
8.091312408447265625e+00
8.132595062255859375e+00
8.173876762390136719e+00
8.215159416198730469e+00
8.256441116333007812e+00
8.297723770141601562e+00
8.339005470275878906e+00
8.380288124084472656e+00
8.421569824218750000e+00
8.462852478027343750e+00
8.504134178161621094e+00
8.545416831970214844e+00
8.586698532104492188e+00
8.627981185913085938e+00
8.669263839721679688e+00
8.710545539855957031e+00
8.751828193664550781e+00
8.793109893798828125e+00
8.834392547607421875e+00
8.875674247741699219e+00
8.916956901550292969e+00
8.958238601684570312e+00
8.999521255493164062e+00
9.040802955627441406e+00
9.082085609436035156e+00
9.123367309570312500e+00
9.164649963378906250e+00
9.205931663513183594e+00
9.247214317321777344e+00
9.288496971130371094e+00
9.329778671264648438e+00
9.371061325073242188e+00
9.412343025207519531e+00
9.453625679016113281e+00
9.494907379150390625e+00
9.536190032958984375e+00
9.577471733093261719e+00
9.618754386901855469e+00
9.660036087036132812e+00
9.701318740844726562e+00
9.742600440979003906e+00
9.783883094787597656e+00
9.825164794921875000e+00
9.866447448730468750e+00
9.907730102539062500e+00
9.949011802673339844e+00
9.990294456481933594e+00
1.003157615661621094e+01
1.007285881042480469e+01
1.011414051055908203e+01
1.015542316436767578e+01
1.019670486450195312e+01
1.023798751831054688e+01
1.027926921844482422e+01
1.032055187225341797e+01
1.036183357238769531e+01
1.040311622619628906e+01
1.044439792633056641e+01
1.048568058013916016e+01
1.052696228027343750e+01
1.056824493408203125e+01
